The distance matrix obtained is
0.00 0.23 0.22 0.37 0.34 0.24 0.32 0.30 0.39 
0.23 0.00 0.14 0.19 0.14 0.24 0.20 0.14 0.18 
0.22 0.14 0.00 0.16 0.28 0.10 0.10 0.28 0.20 
0.37 0.19 0.16 0.00 0.28 0.22 0.09 0.32 0.07 
0.34 0.14 0.28 0.28 0.00 0.39 0.32 0.07 0.24 
0.24 0.24 0.10 0.22 0.39 0.00 0.14 0.38 0.28 
0.32 0.20 0.10 0.09 0.32 0.14 0.00 0.34 0.15 
0.30 0.14 0.28 0.32 0.07 0.38 0.34 0.00 0.28 
0.39 0.18 0.20 0.07 0.24 0.28 0.15 0.28 0.00 


The rows 1 9  from above matrix are clustered
0.39 0.23 0.22 0.37 0.34 0.28 0.32 0.30 
0.23 0.00 0.14 0.19 0.14 0.24 0.20 0.14 
0.22 0.14 0.00 0.16 0.28 0.10 0.10 0.28 
0.37 0.19 0.16 0.00 0.28 0.22 0.09 0.32 
0.34 0.14 0.28 0.28 0.00 0.39 0.32 0.07 
0.28 0.24 0.10 0.22 0.39 0.00 0.14 0.38 
0.32 0.20 0.10 0.09 0.32 0.14 0.00 0.34 
0.30 0.14 0.28 0.32 0.07 0.38 0.34 0.00 


The rows 5 6  from above matrix are clustered
0.39 0.23 0.22 0.37 0.34 0.34 0.32 
0.23 0.00 0.14 0.19 0.24 0.24 0.20 
0.22 0.14 0.00 0.16 0.28 0.28 0.10 
0.37 0.19 0.16 0.00 0.28 0.28 0.09 
0.34 0.24 0.28 0.28 0.39 0.39 0.32 
0.34 0.24 0.28 0.28 0.39 0.39 0.32 
0.32 0.20 0.10 0.09 0.32 0.32 0.00 


The rows 5 6  from above matrix are clustered
0.39 0.23 0.22 0.37 0.34 0.34 
0.23 0.00 0.14 0.19 0.24 0.24 
0.22 0.14 0.00 0.16 0.28 0.28 
0.37 0.19 0.16 0.00 0.28 0.28 
0.34 0.24 0.28 0.28 0.39 0.39 
0.34 0.24 0.28 0.28 0.39 0.39 


The rows 5 6  from above matrix are clustered
0.39 0.23 0.22 0.37 0.34 
0.23 0.00 0.14 0.19 0.24 
0.22 0.14 0.00 0.16 0.28 
0.37 0.19 0.16 0.00 0.28 
0.34 0.24 0.28 0.28 0.39 


The rows 1 4  from above matrix are clustered
0.39 0.23 0.22 0.37 
0.23 0.00 0.14 0.23 
0.22 0.14 0.00 0.22 
0.37 0.23 0.22 0.37 


The rows 1 4  from above matrix are clustered
0.39 0.23 0.22 
0.23 0.00 0.14 
0.22 0.14 0.00 


The rows 1 2  from above matrix are clustered
0.39 0.23 
0.23 0.23 


The rows 1 2  from above matrix are clustered
0.39 
